"T" <- 5
"N" <- 30
"x" <- structure(c(8.0, 15.0, 22.0, 29.0, 36.0), .Dim=c(5))
"xbar" <- 22.0
"y" <- structure(c(151.0, 145.0, 147.0, 155.0, 135.0, 159.0, 141.0, 159.0, 177.0, 134.0, 160.0, 143.0, 154.0, 171.0, 163.0, 160.0, 142.0, 156.0, 157.0, 152.0, 154.0, 139.0, 146.0, 157.0, 132.0, 160.0, 169.0, 157.0, 137.0, 153.0, 199.0, 199.0, 214.0, 200.0, 188.0, 210.0, 189.0, 201.0, 236.0, 182.0, 208.0, 188.0, 200.0, 221.0, 216.0, 207.0, 187.0, 203.0, 212.0, 203.0, 205.0, 190.0, 191.0, 211.0, 185.0, 207.0, 216.0, 205.0, 180.0, 200.0, 246.0, 249.0, 263.0, 237.0, 230.0, 252.0, 231.0, 248.0, 285.0, 220.0, 261.0, 220.0, 244.0, 270.0, 242.0, 248.0, 234.0, 243.0, 259.0, 246.0, 253.0, 225.0, 229.0, 250.0, 237.0, 257.0, 261.0, 248.0, 219.0, 244.0, 283.0, 293.0, 312.0, 272.0, 280.0, 298.0, 275.0, 297.0, 350.0, 260.0, 313.0, 273.0, 289.0, 326.0, 281.0, 288.0, 280.0, 283.0, 307.0, 286.0, 298.0, 267.0, 272.0, 285.0, 286.0, 303.0, 295.0, 289.0, 258.0, 286.0, 320.0, 354.0, 328.0, 297.0, 323.0, 331.0, 305.0, 338.0, 376.0, 296.0, 352.0, 314.0, 325.0, 358.0, 312.0, 324.0, 316.0, 317.0, 336.0, 321.0, 334.0, 302.0, 302.0, 323.0, 331.0, 345.0, 333.0, 316.0, 291.0, 324.0), .Dim=c(30,5))
